instance_id:15
capacity:64
profit:132
values:[35,46,18,6,25,34,17,43]
weights:[45,6,16,1,29,19,37,8]
opt_profit:154
alpha_star:0.6875
solution:1
alpha_p_wanted:0.5875
alpha_p_sampled:0.589285714285714
alpha_c_wanted:0.4
alpha_c_sampled:0.397515527950311
ICdist_wanted:-0.1
ICdist_sampled:-0.0982142857142857
seed:577
