instance_id:18
capacity:103
profit:100
values:[14,12,24,16,36,48,38,30]
weights:[7,43,24,38,22,38,40,46]
opt_profit:122
alpha_star:0.559633027522936
solution:1
alpha_p_wanted:0.459633027522936
alpha_p_sampled:0.458715596330275
alpha_c_wanted:0.4
alpha_c_sampled:0.39922480620155
ICdist_wanted:-0.1
ICdist_sampled:-0.100917431192661
seed:664
