instance_id:36
capacity:74
profit:113
values:[21,20,19,38,13,33,20,11]
weights:[42,14,35,3,25,8,38,19]
opt_profit:115
alpha_star:0.657142857142857
solution:1
alpha_p_wanted:0.647142857142857
alpha_p_sampled:0.645714285714286
alpha_c_wanted:0.4
alpha_c_sampled:0.402173913043478
ICdist_wanted:-0.01
ICdist_sampled:-0.0114285714285715
seed:178
