instance_id:6
capacity:93
profit:128
values:[22,23,23,48,19,10,45,36]
weights:[3,19,46,42,29,48,2,44]
opt_profit:151
alpha_star:0.668141592920354
solution:1
alpha_p_wanted:0.568141592920354
alpha_p_sampled:0.566371681415929
alpha_c_wanted:0.4
alpha_c_sampled:0.399141630901288
ICdist_wanted:-0.1
ICdist_sampled:-0.101769911504425
seed:497
