instance_id:69
capacity:86
profit:151
values:[34,1,21,7,39,23,50,9]
weights:[50,25,24,43,21,14,3,36]
opt_profit:133
alpha_star:0.722826086956522
solution:0
alpha_p_wanted:0.822826086956522
alpha_p_sampled:0.820652173913043
alpha_c_wanted:0.4
alpha_c_sampled:0.398148148148148
ICdist_wanted:0.1
ICdist_sampled:0.0978260869565217
seed:802
